osu file format v14

[General]
AudioFilename: 失恋後_lyricsvideo_v_2.mp3
AudioLeadIn: 0
PreviewTime: -1
Countdown: 0
SampleSet: All
StackLeniency: 0.7
Mode: 3
LetterboxInBreaks: 0
WidescreenStoryboard: 1
OverlayPosition: Above

[Editor]
Bookmarks:-330001
DistanceSpacing: 1.0
BeatDivisor: 4
GridSize: 8
TimelineZoom: 2.20004

[Metadata]
Title:Unknown Title
TitleUnicode:Unknown Title
Artist:Unknown Artist
ArtistUnicode:Unknown Artist
Creator:Mapperatorinator
Version:Mapperatorinator V32
Source:
Tags:model=OliBomby/Mapperatorinator-v32 difficulty=4.0 year=2023 hitsounded=True hold_note_ratio=0.005 descriptors="[style/clean]" negative_descriptors="[style/LN mixed ]" seed=53416 top_p=0.9 timer_num_beams=2 generate_positions=False

[Difficulty]
HPDrainRate:5.0
CircleSize:4
OverallDifficulty:9.0
ApproachRate:8.0
SliderMultiplier:1.4
SliderTickRate:1.0

[Events]
//Background and Video events
//Break Periods
//Storyboard Layer 0 (Background)
//Storyboard Layer 1 (Fail)
//Storyboard Layer 2 (Pass)
//Storyboard Layer 3 (Foreground)
//Storyboard Layer 4 (Overlay)
//Storyboard Sound Samples

[TimingPoints]
1095,357.14285714285717,4,2,-1,100,1,0
17162,355.0295857988166,4,2,-1,100,1,0
18230,357.14285714285717,4,2,-1,100,1,0
71452,355.0295857988166,4,2,-1,100,1,0
72519,357.14285714285717,4,2,-1,100,1,0
109656,357.14285714285717,4,2,-1,100,1,0
158243,350.87719298245617,4,2,-1,100,1,0
159650,357.14285714285717,4,2,-1,100,1,0

[Colours]
Combo0 : 255,192,0
Combo1 : 255,192,0
Combo2 : 0,202,0
͏Combo3 : 242,24,57
Combo4 : 18,124,255
Combo5 : 242,24,57

[HitObjects]
64,192,559,128,0,737:2:2:-1:50:
192,192,737,128,0,916:2:2:-1:50:
320,192,916,128,0,1095:2:2:-1:50:
64,192,1095,1,0,2:2:-1:50:
192,192,1273,1,0,2:2:-1:50:
448,192,1095,128,0,1452:2:2:-1:50:
64,192,1452,128,0,1630:2:2:-1:50:
320,192,1630,128,0,1809:2:2:-1:50:
192,192,1809,1,0,2:2:-1:50:
448,192,1809,1,0,2:2:-1:50:
320,192,1987,128,0,2166:2:2:-1:50:
64,192,2166,128,0,2345:2:2:-1:50:
320,192,2523,1,0,2:2:-1:50:
448,192,2523,1,0,2:2:-1:50:
192,192,2345,128,0,2702:2:2:-1:50:
64,192,2702,1,0,2:2:-1:50:
192,192,2880,1,0,2:2:-1:50:
448,192,3059,1,0,2:2:-1:50:
192,192,3237,1,0,2:2:-1:50:
320,192,3237,1,0,2:2:-1:50:
64,192,3416,128,0,3595:2:2:-1:50:
448,192,3595,128,0,3773:2:2:-1:50:
320,192,3773,128,0,3952:2:2:-1:50:
64,192,3952,1,0,2:2:-1:50:
192,192,3952,128,0,4130:2:2:-1:50:
448,192,4130,1,0,2:2:-1:50:
320,192,4309,128,0,4487:2:2:-1:50:
64,192,4487,128,0,4666:2:2:-1:50:
320,192,4666,1,0,2:2:-1:50:
448,192,4666,1,0,2:2:-1:50:
192,192,4845,128,0,5023:2:2:-1:50:
448,192,5023,1,0,2:2:-1:50:
320,192,5380,1,0,2:2:-1:50:
448,192,5380,1,0,2:2:-1:50:
64,192,5202,128,0,5559:2:2:-1:50:
320,192,5737,1,0,2:2:-1:50:
448,192,5737,1,0,2:2:-1:50:
192,192,5559,128,0,5916:2:2:-1:50:
64,192,5916,1,0,2:2:-1:50:
192,192,6095,1,0,2:2:-1:50:
448,192,6095,1,0,2:2:-1:50:
320,192,6273,128,0,6452:2:2:-1:50:
192,192,6452,128,0,6630:2:2:-1:50:
64,192,6630,128,0,6809:2:2:-1:50:
192,192,6809,1,0,2:2:-1:50:
448,192,6809,1,0,2:2:-1:50:
320,192,6987,128,0,7166:2:2:-1:50:
192,192,7166,1,0,2:2:-1:50:
64,192,7166,128,0,7345:2:2:-1:50:
448,192,7345,128,0,7523:2:2:-1:50:
64,192,7523,1,0,2:2:-1:50:
320,192,7523,128,0,7702:2:2:-1:50:
192,192,7702,128,0,7880:2:2:-1:50:
448,192,7880,1,0,2:2:-1:50:
320,192,7880,128,0,8059:2:2:-1:50:
64,192,8059,128,0,8237:2:2:-1:50:
320,192,8237,1,0,2:2:-1:50:
448,192,8237,1,0,2:2:-1:50:
192,192,8416,128,0,8595:2:2:-1:50:
64,192,8595,1,0,2:2:-1:50:
448,192,8595,128,0,8773:2:2:-1:50:
192,192,8773,128,0,8952:2:2:-1:50:
320,192,8952,1,0,2:2:-1:50:
448,192,8952,128,0,9130:2:2:-1:50:
64,192,9130,128,0,9309:2:2:-1:50:
448,192,9309,1,0,2:2:-1:50:
320,192,9309,128,0,9487:2:2:-1:50:
192,192,9487,128,0,9666:2:2:-1:50:
448,192,9666,1,0,2:2:-1:50:
64,192,9666,128,0,9845:2:2:-1:50:
320,192,9845,128,0,10023:2:2:-1:50:
448,192,10023,1,0,2:2:-1:50:
64,192,10023,128,0,10202:2:2:-1:50:
192,192,10202,128,0,10380:2:2:-1:50:
320,192,10380,1,0,2:2:-1:50:
448,192,10380,128,0,10559:2:2:-1:50:
192,192,10559,128,0,10737:2:2:-1:50:
64,192,10737,1,0,2:2:-1:50:
320,192,10737,128,0,10916:2:2:-1:50:
64,192,11095,1,0,2:2:-1:50:
192,192,11095,1,0,2:2:-1:50:
448,192,10916,128,0,11273:2:2:-1:50:
320,192,11273,1,0,2:2:-1:50:
192,192,11452,1,0,2:2:-1:50:
448,192,11452,1,0,2:2:-1:50:
64,192,11630,128,0,11809:2:2:-1:50:
448,192,11809,1,0,2:2:-1:50:
320,192,11809,128,0,11987:2:2:-1:50:
64,192,11987,1,0,2:2:-1:50:
192,192,11987,1,0,2:2:-1:50:
448,192,12166,128,0,12345:2:2:-1:50:
192,192,12345,1,0,2:2:-1:50:
320,192,12345,1,0,2:2:-1:50:
64,192,12523,1,2,2:2:-1:50:
320,192,12523,1,4,2:2:-1:50:
448,192,12523,1,0,2:2:-1:50:
192,192,12612,1,0,2:2:-1:50:
448,192,12702,1,0,2:2:-1:50:
320,192,12791,1,0,2:2:-1:50:
64,192,12880,1,8,2:2:-1:50:
192,192,12880,1,0,2:2:-1:50:
448,192,12880,1,0,2:2:-1:50:
320,192,12970,1,0,2:2:-1:50:
64,192,13059,1,0,2:2:-1:50:
192,192,13148,1,0,2:2:-1:50:
320,192,13237,1,2,2:2:-1:50:
448,192,13237,1,0,2:2:-1:50:
192,192,13327,1,0,2:2:-1:50:
64,192,13416,1,0,2:2:-1:50:
320,192,13416,1,0,2:2:-1:50:
448,192,13505,1,0,2:2:-1:50:
64,192,13595,1,8,2:2:-1:50:
192,192,13595,1,0,2:2:-1:50:
320,192,13595,1,0,2:2:-1:50:
448,192,13684,1,0,2:2:-1:50:
192,192,13773,1,0,2:2:-1:50:
320,192,13862,1,0,2:2:-1:50:
64,192,13952,1,2,2:2:-1:50:
192,192,13952,1,0,2:2:-1:25:
448,192,13952,1,0,2:2:-1:50:
64,192,14130,1,8,2:2:-1:50:
192,192,14130,1,0,2:2:-1:25:
320,192,14130,1,0,2:2:-1:50:
64,192,14309,1,8,2:2:-1:50:
320,192,14309,1,0,2:2:-1:25:
448,192,14309,1,0,2:2:-1:50:
192,192,14487,1,8,2:2:-1:50:
320,192,14487,1,0,2:2:-1:25:
448,192,14487,1,0,2:2:-1:50:
64,192,14666,1,2,2:2:-1:50:
192,192,14666,1,0,2:2:-1:25:
448,192,14666,1,0,2:2:-1:50:
192,192,15023,1,8,2:2:-1:50:
320,192,15023,1,0,2:2:-1:50:
448,192,15023,1,0,2:2:-1:50:
64,192,15202,1,2,2:2:-1:50:
192,192,15202,1,4,2:2:-1:50:
448,192,15202,1,0,2:2:-1:50:
320,192,15380,1,0,2:2:-1:50:
64,192,15559,1,2,2:2:-1:50:
448,192,15559,1,0,2:2:-1:50:
64,192,15737,1,8,2:2:-1:50:
192,192,15737,1,0,2:2:-1:50:
320,192,15737,1,0,2:2:-1:50:
448,192,15916,1,0,2:2:-1:50:
64,192,16005,1,8,2:2:-1:50:
192,192,16005,1,0,2:2:-1:50:
320,192,16095,1,2,2:2:-1:50:
448,192,16095,1,0,2:2:-1:50:
64,192,16273,1,2,2:2:-1:50:
192,192,16273,1,0,2:2:-1:50:
64,192,16452,1,8,2:2:-1:50:
320,192,16452,1,0,2:2:-1:50:
448,192,16452,1,0,2:2:-1:50:
192,192,16630,1,2,2:2:-1:50:
320,192,16630,1,0,2:2:-1:50:
448,192,16809,1,0,2:2:-1:50:
64,192,16987,1,2,2:2:-1:50:
192,192,16987,1,0,2:2:-1:50:
64,192,17162,1,8,2:2:-1:50:
320,192,17162,1,0,2:2:-1:50:
448,192,17162,1,0,2:2:-1:50:
192,192,17339,1,0,2:2:-1:50:
320,192,17428,1,8,2:2:-1:50:
448,192,17428,1,0,2:2:-1:50:
64,192,17517,1,2,2:2:-1:50:
192,192,17517,1,0,2:2:-1:50:
320,192,17694,1,2,2:2:-1:50:
448,192,17694,1,0,2:2:-1:50:
64,192,17872,1,8,2:2:-1:50:
192,192,17872,1,0,2:2:-1:50:
320,192,17872,1,0,2:2:-1:50:
64,192,18049,1,0,2:2:-1:50:
192,192,18230,1,2,2:2:-1:50:
320,192,18230,1,0,2:2:-1:50:
448,192,18230,1,0,2:2:-1:50:
64,192,18408,1,2,2:2:-1:50:
320,192,18408,1,0,2:2:-1:50:
64,192,18587,1,8,2:2:-1:50:
192,192,18587,1,0,2:2:-1:50:
448,192,18587,1,0,2:2:-1:50:
320,192,18765,1,0,2:2:-1:50:
64,192,18855,1,8,2:2:-1:50:
192,192,18855,1,0,2:2:-1:50:
320,192,18944,1,2,2:2:-1:50:
448,192,18944,1,0,2:2:-1:50:
64,192,19122,1,2,2:2:-1:50:
192,192,19122,1,0,2:2:-1:50:
64,192,19301,1,8,2:2:-1:50:
320,192,19301,1,0,2:2:-1:50:
448,192,19301,1,0,2:2:-1:50:
192,192,19480,1,2,2:2:-1:50:
320,192,19480,1,0,2:2:-1:50:
64,192,19658,1,0,2:2:-1:50:
320,192,19837,1,2,2:2:-1:50:
448,192,19837,1,0,2:2:-1:50:
64,192,20015,1,8,2:2:-1:50:
192,192,20015,1,0,2:2:-1:50:
448,192,20015,1,0,2:2:-1:50:
320,192,20194,1,0,2:2:-1:50:
64,192,20283,1,8,2:2:-1:50:
192,192,20283,1,0,2:2:-1:50:
320,192,20372,1,2,2:2:-1:50:
448,192,20372,1,0,2:2:-1:50:
64,192,20551,1,2,2:2:-1:50:
192,192,20551,1,0,2:2:-1:50:
64,192,20730,1,8,2:2:-1:50:
320,192,20730,1,0,2:2:-1:50:
448,192,20730,1,0,2:2:-1:50:
192,192,20908,1,2,2:2:-1:50:
448,192,20908,1,0,2:2:-1:50:
64,192,21087,1,2,2:2:-1:50:
192,192,21087,1,0,2:2:-1:50:
320,192,21087,1,0,2:2:-1:50:
64,192,21265,1,2,2:2:-1:50:
448,192,21265,1,0,2:2:-1:50:
192,192,21444,1,8,2:2:-1:50:
320,192,21444,1,0,2:2:-1:50:
448,192,21444,1,0,2:2:-1:50:
64,192,21622,1,0,2:2:-1:50:
320,192,21712,1,8,2:2:-1:50:
448,192,21712,1,0,2:2:-1:50:
64,192,21801,1,2,2:2:-1:50:
192,192,21801,1,0,2:2:-1:50:
320,192,21980,1,2,2:2:-1:50:
448,192,21980,1,0,2:2:-1:50:
64,192,22158,1,8,2:2:-1:50:
192,192,22158,1,0,2:2:-1:50:
320,192,22158,1,0,2:2:-1:50:
192,192,22337,1,2,2:2:-1:50:
448,192,22337,1,0,2:2:-1:50:
64,192,22515,1,0,2:2:-1:50:
320,192,22694,1,2,2:2:-1:50:
448,192,22694,1,0,2:2:-1:50:
64,192,22872,1,8,2:2:-1:50:
192,192,22872,1,0,2:2:-1:50:
448,192,22872,1,0,2:2:-1:50:
320,192,23051,1,0,2:2:-1:50:
64,192,23140,1,8,2:2:-1:50:
192,192,23140,1,0,2:2:-1:50:
320,192,23230,1,2,2:2:-1:50:
448,192,23230,1,0,2:2:-1:50:
64,192,23408,1,2,2:2:-1:50:
192,192,23408,1,0,2:2:-1:50:
192,192,23587,1,8,2:2:-1:50:
320,192,23587,1,0,2:2:-1:50:
448,192,23587,1,0,2:2:-1:50:
64,192,23765,1,2,2:2:-1:50:
448,192,23765,1,0,2:2:-1:50:
64,192,23944,1,8,2:2:-1:50:
192,192,23944,1,4,2:2:-1:50:
320,192,23944,1,0,2:2:-1:50:
320,192,24301,1,2,2:2:-1:50:
448,192,24301,1,0,2:2:-1:50:
64,192,24480,1,8,2:2:-1:50:
192,192,24480,1,4,2:2:-1:50:
448,192,24480,1,0,2:2:-1:50:
192,192,24837,1,2,2:2:-1:50:
320,192,24837,1,0,2:2:-1:50:
448,192,24926,1,2,2:2:-1:50:
64,192,25015,1,8,2:2:-1:50:
192,192,25015,1,4,2:2:-1:50:
320,192,25015,1,0,2:2:-1:50:
64,192,25551,1,8,2:2:-1:50:
192,192,25551,1,0,2:2:-1:50:
448,192,25551,1,0,2:2:-1:50:
64,192,25730,1,8,2:2:-1:50:
192,192,25730,1,0,2:2:-1:50:
448,192,25730,1,0,2:2:-1:50:
192,192,25908,1,2,2:2:-1:50:
320,192,25908,1,0,2:2:-1:50:
64,192,26087,1,8,2:2:-1:50:
320,192,26087,1,0,2:2:-1:50:
448,192,26087,1,0,2:2:-1:50:
64,192,26265,1,8,2:2:-1:50:
320,192,26265,1,0,2:2:-1:50:
448,192,26265,1,0,2:2:-1:50:
64,192,26444,1,8,2:2:-1:50:
192,192,26444,1,0,2:2:-1:50:
448,192,26444,1,0,2:2:-1:50:
64,192,26622,1,8,2:2:-1:50:
192,192,26622,1,0,2:2:-1:50:
448,192,26622,1,0,2:2:-1:50:
192,192,26801,1,2,2:2:-1:50:
320,192,26801,1,4,2:2:-1:50:
64,192,26980,1,0,2:2:-1:50:
192,192,27158,1,8,2:2:-1:50:
320,192,27158,1,0,2:2:-1:50:
448,192,27158,1,0,2:2:-1:50:
320,192,27337,1,0,2:2:-1:50:
64,192,27515,1,2,2:2:-1:50:
192,192,27515,1,0,2:2:-1:50:
320,192,27694,1,2,2:2:-1:50:
448,192,27694,1,0,2:2:-1:50:
64,192,27872,1,8,2:2:-1:50:
192,192,27872,1,0,2:2:-1:50:
448,192,27872,1,0,2:2:-1:50:
192,192,28051,1,0,2:2:-1:50:
64,192,28230,1,2,2:2:-1:50:
448,192,28230,1,0,2:2:-1:50:
320,192,28408,1,0,2:2:-1:50:
64,192,28587,1,8,2:2:-1:50:
192,192,28587,1,0,2:2:-1:50:
448,192,28587,1,0,2:2:-1:50:
320,192,28765,1,0,2:2:-1:50:
64,192,28944,1,2,2:2:-1:50:
192,192,28944,1,0,2:2:-1:50:
320,192,29122,1,2,2:2:-1:50:
448,192,29122,1,0,2:2:-1:50:
64,192,29301,1,8,2:2:-1:50:
192,192,29301,1,0,2:2:-1:50:
448,192,29301,1,0,2:2:-1:50:
192,192,29480,1,0,2:2:-1:50:
64,192,29658,1,2,2:2:-1:50:
448,192,29658,1,0,2:2:-1:50:
320,192,29837,1,0,2:2:-1:50:
64,192,30015,1,8,2:2:-1:50:
192,192,30015,1,0,2:2:-1:50:
448,192,30015,1,0,2:2:-1:50:
320,192,30194,1,0,2:2:-1:50:
64,192,30372,1,2,2:2:-1:50:
448,192,30372,1,0,2:2:-1:50:
192,192,30551,1,2,2:2:-1:50:
320,192,30551,1,0,2:2:-1:50:
64,192,30730,1,8,2:2:-1:50:
320,192,30730,1,0,2:2:-1:50:
448,192,30730,1,0,2:2:-1:50:
64,192,30908,1,0,2:2:-1:50:
192,192,31087,1,2,2:2:-1:50:
448,192,31087,1,0,2:2:-1:50:
320,192,31265,1,0,2:2:-1:50:
64,192,31444,1,8,2:2:-1:50:
192,192,31444,1,0,2:2:-1:50:
448,192,31444,1,0,2:2:-1:50:
192,192,31622,1,0,2:2:-1:50:
64,192,31801,1,2,2:2:-1:50:
320,192,31801,1,0,2:2:-1:50:
192,192,31980,1,2,2:2:-1:50:
448,192,31980,1,0,2:2:-1:50:
64,192,32158,1,8,2:2:-1:50:
320,192,32158,1,0,2:2:-1:50:
448,192,32158,1,0,2:2:-1:50:
192,192,32337,1,0,2:2:-1:50:
64,192,32515,1,2,2:2:-1:50:
320,192,32515,1,0,2:2:-1:50:
448,192,32694,1,0,2:2:-1:50:
64,192,32872,1,8,2:2:-1:50:
192,192,32872,1,0,2:2:-1:50:
320,192,32872,1,0,2:2:-1:50:
192,192,33051,1,0,2:2:-1:50:
320,192,33230,1,2,2:2:-1:50:
448,192,33230,1,0,2:2:-1:50:
64,192,33408,1,2,2:2:-1:50:
192,192,33408,1,0,2:2:-1:50:
64,192,33587,1,8,2:2:-1:50:
320,192,33587,1,0,2:2:-1:50:
448,192,33587,1,0,2:2:-1:50:
320,192,33765,1,0,2:2:-1:50:
192,192,33944,1,2,2:2:-1:50:
448,192,33944,1,0,2:2:-1:50:
64,192,34122,1,0,2:2:-1:50:
192,192,34301,1,8,2:2:-1:50:
320,192,34301,1,0,2:2:-1:50:
448,192,34301,1,0,2:2:-1:50:
320,192,34480,1,0,2:2:-1:50:
64,192,34658,1,2,2:2:-1:50:
448,192,34658,1,0,2:2:-1:50:
192,192,34837,1,2,2:2:-1:50:
320,192,34837,1,0,2:2:-1:50:
64,192,35015,1,8,2:2:-1:50:
192,192,35015,1,0,2:2:-1:50:
448,192,35015,1,0,2:2:-1:50:
448,192,35194,1,0,2:2:-1:50:
64,192,35372,1,2,2:2:-1:50:
320,192,35372,1,0,2:2:-1:50:
192,192,35551,1,0,2:2:-1:50:
64,192,35730,1,8,2:2:-1:50:
320,192,35730,1,0,2:2:-1:50:
448,192,35730,1,0,2:2:-1:50:
192,192,35908,1,0,2:2:-1:50:
320,192,36087,1,2,2:2:-1:50:
448,192,36087,1,0,2:2:-1:50:
64,192,36265,1,2,2:2:-1:50:
192,192,36265,1,0,2:2:-1:50:
192,192,36444,1,8,2:2:-1:50:
320,192,36444,1,0,2:2:-1:50:
448,192,36444,1,0,2:2:-1:50:
320,192,36622,1,0,2:2:-1:50:
64,192,36801,1,2,2:2:-1:50:
192,192,36801,1,0,2:2:-1:50:
320,192,36980,1,0,2:2:-1:50:
64,192,37158,1,8,2:2:-1:50:
192,192,37158,1,0,2:2:-1:50:
448,192,37158,1,0,2:2:-1:50:
192,192,37337,1,0,2:2:-1:50:
320,192,37515,1,2,2:2:-1:50:
448,192,37515,1,0,2:2:-1:50:
64,192,37694,1,2,2:2:-1:50:
192,192,37694,1,0,2:2:-1:50:
64,192,37872,1,8,2:2:-1:50:
320,192,37872,1,0,2:2:-1:50:
448,192,37872,1,0,2:2:-1:50:
320,192,38051,1,0,2:2:-1:50:
448,192,38230,1,0,2:2:-1:50:
64,192,38230,128,2,38587:2:2:-1:50:
192,192,38587,1,8,2:2:-1:50:
320,192,38587,1,0,2:2:-1:50:
448,192,38587,1,0,2:2:-1:50:
320,192,38765,128,0,38944:2:2:-1:50:
192,192,38944,1,0,2:2:-1:50:
64,192,38944,128,2,39122:2:2:-1:50:
320,192,39122,1,2,2:2:-1:50:
448,192,39122,128,0,39301:2:2:-1:50:
64,192,39301,1,8,2:2:-1:50:
320,192,39301,1,0,2:2:-1:50:
192,192,39301,128,4,39658:2:2:-1:50:
448,192,39658,1,0,2:2:-1:50:
320,192,39658,128,2,39837:2:2:-1:50:
192,192,39837,1,0,2:2:-1:50:
448,192,39837,1,0,2:2:-1:50:
64,192,39837,128,8,40015:2:2:-1:50:
192,192,40015,1,0,2:2:-1:50:
448,192,40194,1,0,2:2:-1:50:
320,192,40194,128,2,40372:2:2:-1:50:
64,192,40372,1,8,2:2:-1:50:
192,192,40372,1,0,2:2:-1:50:
448,192,40372,1,0,2:2:-1:50:
64,192,40551,1,8,2:2:-1:50:
320,192,40551,1,0,2:2:-1:50:
448,192,40551,1,0,2:2:-1:50:
64,192,40730,1,8,2:2:-1:50:
192,192,40730,1,0,2:2:-1:50:
448,192,40730,1,0,2:2:-1:50:
192,192,40908,1,0,2:2:-1:50:
320,192,40908,1,0,2:2:-1:50:
64,192,41087,1,4,2:2:-1:50:
320,192,41087,1,2,2:2:-1:50:
448,192,41087,1,0,2:2:-1:50:
448,192,41265,1,0,2:2:-1:50:
64,192,41444,1,8,2:2:-1:50:
192,192,41444,1,0,2:2:-1:50:
320,192,41444,1,0,2:2:-1:50:
192,192,41622,1,0,2:2:-1:50:
320,192,41801,1,2,2:2:-1:50:
448,192,41801,1,0,2:2:-1:50:
64,192,41980,1,2,2:2:-1:50:
192,192,41980,1,0,2:2:-1:50:
64,192,42158,1,8,2:2:-1:50:
320,192,42158,1,0,2:2:-1:50:
448,192,42158,1,0,2:2:-1:50:
320,192,42337,1,0,2:2:-1:50:
64,192,42515,1,2,2:2:-1:50:
448,192,42515,1,0,2:2:-1:50:
192,192,42694,1,0,2:2:-1:50:
64,192,42872,1,8,2:2:-1:50:
320,192,42872,1,0,2:2:-1:50:
448,192,42872,1,0,2:2:-1:50:
64,192,43051,1,0,2:2:-1:50:
320,192,43230,1,2,2:2:-1:50:
448,192,43230,1,0,2:2:-1:50:
64,192,43408,1,2,2:2:-1:50:
192,192,43408,1,0,2:2:-1:50:
192,192,43587,1,8,2:2:-1:50:
320,192,43587,1,0,2:2:-1:50:
448,192,43587,1,0,2:2:-1:50:
320,192,43765,1,0,2:2:-1:50:
64,192,43944,1,2,2:2:-1:50:
192,192,43944,1,0,2:2:-1:50:
192,192,44122,1,0,2:2:-1:50:
64,192,44301,1,8,2:2:-1:50:
320,192,44301,1,0,2:2:-1:50:
448,192,44301,1,0,2:2:-1:50:
320,192,44480,1,0,2:2:-1:50:
64,192,44658,1,2,2:2:-1:50:
192,192,44658,1,0,2:2:-1:50:
320,192,44837,1,2,2:2:-1:50:
448,192,44837,1,0,2:2:-1:50:
64,192,45015,1,8,2:2:-1:50:
192,192,45015,1,0,2:2:-1:50:
448,192,45015,1,0,2:2:-1:50:
192,192,45194,1,0,2:2:-1:50:
320,192,45372,1,2,2:2:-1:50:
448,192,45372,1,0,2:2:-1:50:
320,192,45551,1,0,2:2:-1:50:
64,192,45730,1,8,2:2:-1:50:
192,192,45730,1,0,2:2:-1:50:
448,192,45730,1,0,2:2:-1:50:
192,192,45908,1,0,2:2:-1:50:
64,192,46087,1,2,2:2:-1:50:
448,192,46087,1,0,2:2:-1:50:
192,192,46265,1,2,2:2:-1:50:
320,192,46265,1,0,2:2:-1:50:
64,192,46444,1,8,2:2:-1:50:
192,192,46444,1,0,2:2:-1:50:
448,192,46444,1,0,2:2:-1:50:
448,192,46622,1,0,2:2:-1:50:
64,192,46801,1,2,2:2:-1:50:
320,192,46801,1,0,2:2:-1:50:
64,192,46980,1,0,2:2:-1:50:
192,192,47158,1,8,2:2:-1:50:
320,192,47158,1,0,2:2:-1:50:
448,192,47158,1,0,2:2:-1:50:
320,192,47337,1,0,2:2:-1:50:
192,192,47515,1,2,2:2:-1:50:
448,192,47515,1,0,2:2:-1:50:
64,192,47694,1,2,2:2:-1:50:
320,192,47694,1,0,2:2:-1:50:
64,192,47872,1,8,2:2:-1:50:
192,192,47872,1,0,2:2:-1:50:
448,192,47872,1,0,2:2:-1:50:
448,192,48051,1,0,2:2:-1:50:
64,192,48230,1,2,2:2:-1:50:
192,192,48230,1,0,2:2:-1:50:
320,192,48408,1,0,2:2:-1:50:
64,192,48587,1,8,2:2:-1:50:
192,192,48587,1,0,2:2:-1:50:
448,192,48587,1,0,2:2:-1:50:
64,192,48765,1,0,2:2:-1:50:
320,192,48944,1,2,2:2:-1:50:
448,192,48944,1,0,2:2:-1:50:
64,192,49122,1,2,2:2:-1:50:
192,192,49122,1,0,2:2:-1:50:
64,192,49301,1,8,2:2:-1:50:
320,192,49301,1,0,2:2:-1:50:
448,192,49301,1,0,2:2:-1:50:
320,192,49480,1,0,2:2:-1:50:
64,192,49658,1,2,2:2:-1:50:
448,192,49658,1,0,2:2:-1:50:
192,192,49837,1,0,2:2:-1:50:
64,192,50015,1,8,2:2:-1:50:
320,192,50015,1,0,2:2:-1:50:
448,192,50015,1,0,2:2:-1:50:
448,192,50194,1,0,2:2:-1:50:
64,192,50372,1,2,2:2:-1:50:
192,192,50372,1,0,2:2:-1:50:
320,192,50551,1,2,2:2:-1:50:
448,192,50551,1,0,2:2:-1:50:
64,192,50730,1,8,2:2:-1:50:
192,192,50730,1,0,2:2:-1:50:
448,192,50730,1,0,2:2:-1:50:
192,192,50908,1,0,2:2:-1:50:
64,192,51087,1,2,2:2:-1:50:
448,192,51087,1,0,2:2:-1:50:
320,192,51265,1,0,2:2:-1:50:
64,192,51444,1,8,2:2:-1:50:
192,192,51444,1,0,2:2:-1:50:
448,192,51444,1,0,2:2:-1:50:
64,192,51622,1,0,2:2:-1:50:
192,192,51801,1,2,2:2:-1:50:
320,192,51801,1,0,2:2:-1:50:
64,192,51980,1,2,2:2:-1:50:
448,192,51980,1,0,2:2:-1:50:
192,192,52158,1,8,2:2:-1:50:
320,192,52158,1,0,2:2:-1:50:
448,192,52158,1,0,2:2:-1:50:
64,192,52337,1,2,2:2:-1:50:
320,192,52337,1,0,2:2:-1:50:
64,192,52515,1,8,2:2:-1:50:
192,192,52515,1,4,2:2:-1:50:
448,192,52515,1,0,2:2:-1:50:
192,192,52694,1,0,2:2:-1:50:
320,192,52872,1,2,2:2:-1:50:
448,192,52872,1,0,2:2:-1:50:
64,192,53051,1,8,2:2:-1:50:
192,192,53051,1,4,2:2:-1:50:
448,192,53051,1,0,2:2:-1:50:
192,192,53230,1,0,2:2:-1:50:
64,192,53408,1,2,2:2:-1:50:
320,192,53408,1,0,2:2:-1:50:
192,192,53587,1,8,2:2:-1:50:
320,192,53587,1,4,2:2:-1:50:
448,192,53587,1,0,2:2:-1:50:
448,192,53765,1,0,2:2:-1:50:
64,192,53944,1,8,2:2:-1:50:
192,192,53944,1,4,2:2:-1:50:
320,192,53944,1,0,2:2:-1:50:
64,192,54122,1,0,2:2:-1:50:
192,192,54301,1,2,2:2:-1:50:
448,192,54301,1,0,2:2:-1:50:
64,192,54480,1,8,2:2:-1:50:
320,192,54480,1,4,2:2:-1:50:
448,192,54480,1,0,2:2:-1:50:
320,192,54658,1,0,2:2:-1:50:
64,192,54837,1,2,2:2:-1:50:
192,192,54837,1,0,2:2:-1:50:
64,192,55015,1,8,2:2:-1:50:
320,192,55015,1,4,2:2:-1:50:
448,192,55015,1,0,2:2:-1:50:
320,192,55194,1,0,2:2:-1:50:
64,192,55372,1,8,2:2:-1:50:
192,192,55372,1,4,2:2:-1:50:
448,192,55372,1,0,2:2:-1:50:
64,192,55551,1,0,2:2:-1:50:
192,192,55730,1,2,2:2:-1:50:
320,192,55730,1,0,2:2:-1:50:
64,192,55908,1,8,2:2:-1:50:
320,192,55908,1,4,2:2:-1:50:
448,192,55908,1,0,2:2:-1:50:
448,192,56087,1,0,2:2:-1:50:
64,192,56265,1,2,2:2:-1:50:
192,192,56265,1,0,2:2:-1:50:
64,192,56444,1,8,2:2:-1:50:
320,192,56444,1,4,2:2:-1:50:
448,192,56444,1,0,2:2:-1:50:
320,192,56622,1,0,2:2:-1:50:
64,192,56801,1,8,2:2:-1:50:
192,192,56801,1,4,2:2:-1:50:
448,192,56801,1,0,2:2:-1:50:
192,192,56980,1,0,2:2:-1:50:
320,192,57158,1,2,2:2:-1:50:
448,192,57158,1,0,2:2:-1:50:
64,192,57337,1,8,2:2:-1:50:
192,192,57337,1,4,2:2:-1:50:
448,192,57337,1,0,2:2:-1:50:
192,192,57515,1,0,2:2:-1:50:
64,192,57694,1,2,2:2:-1:50:
320,192,57694,1,0,2:2:-1:50:
192,192,57872,1,8,2:2:-1:50:
320,192,57872,1,0,2:2:-1:50:
448,192,57872,1,0,2:2:-1:50:
64,192,58051,1,8,2:2:-1:50:
192,192,58051,1,0,2:2:-1:50:
320,192,58140,1,8,2:2:-1:50:
64,192,58230,1,4,2:2:-1:50:
192,192,58230,1,2,2:2:-1:50:
448,192,58230,1,0,2:2:-1:50:
448,192,58408,1,0,2:2:-1:50:
64,192,58587,1,8,2:2:-1:50:
192,192,58587,1,0,2:2:-1:50:
320,192,58587,1,0,2:2:-1:50:
192,192,58765,1,0,2:2:-1:50:
320,192,58944,1,2,2:2:-1:50:
448,192,58944,1,0,2:2:-1:50:
64,192,59122,1,2,2:2:-1:50:
192,192,59122,1,0,2:2:-1:50:
64,192,59301,1,8,2:2:-1:50:
320,192,59301,1,0,2:2:-1:50:
448,192,59301,1,0,2:2:-1:50:
320,192,59480,1,0,2:2:-1:50:
64,192,59658,1,2,2:2:-1:50:
192,192,59658,1,0,2:2:-1:50:
448,192,59837,1,0,2:2:-1:50:
64,192,60015,1,8,2:2:-1:50:
192,192,60015,1,0,2:2:-1:50:
448,192,60015,1,0,2:2:-1:50:
64,192,60194,1,0,2:2:-1:50:
320,192,60372,1,2,2:2:-1:50:
448,192,60372,1,0,2:2:-1:50:
64,192,60551,1,2,2:2:-1:50:
192,192,60551,1,0,2:2:-1:50:
64,192,60730,1,8,2:2:-1:50:
320,192,60730,1,0,2:2:-1:50:
448,192,60730,1,0,2:2:-1:50:
320,192,60908,1,0,2:2:-1:50:
64,192,61087,1,2,2:2:-1:50:
192,192,61087,1,0,2:2:-1:50:
320,192,61265,1,2,2:2:-1:50:
448,192,61265,1,0,2:2:-1:50:
64,192,61444,1,8,2:2:-1:50:
192,192,61444,1,0,2:2:-1:50:
448,192,61444,1,0,2:2:-1:50:
192,192,61622,1,0,2:2:-1:50:
64,192,61801,1,2,2:2:-1:50:
448,192,61801,1,0,2:2:-1:50:
192,192,61980,1,2,2:2:-1:50:
320,192,61980,1,0,2:2:-1:50:
64,192,62158,1,8,2:2:-1:50:
320,192,62158,1,0,2:2:-1:50:
448,192,62158,1,0,2:2:-1:50:
64,192,62515,1,8,2:2:-1:50:
192,192,62515,1,0,2:2:-1:50:
448,192,62515,1,0,2:2:-1:50:
64,192,62694,1,8,2:2:-1:50:
192,192,62694,1,0,2:2:-1:50:
448,192,62694,1,0,2:2:-1:50:
64,192,62872,1,8,2:2:-1:50:
192,192,62872,1,0,2:2:-1:50:
448,192,62872,1,0,2:2:-1:50:
64,192,63051,1,8,2:2:-1:50:
192,192,63051,1,0,2:2:-1:50:
448,192,63051,1,0,2:2:-1:50:
64,192,63230,1,8,2:2:-1:50:
320,192,63230,1,0,2:2:-1:50:
448,192,63230,1,0,2:2:-1:50:
64,192,63408,1,8,2:2:-1:50:
320,192,63408,1,0,2:2:-1:50:
448,192,63408,1,0,2:2:-1:50:
64,192,63587,1,8,2:2:-1:50:
320,192,63587,1,0,2:2:-1:50:
448,192,63587,1,0,2:2:-1:50:
64,192,63765,1,8,2:2:-1:50:
320,192,63765,1,0,2:2:-1:50:
448,192,63765,1,0,2:2:-1:50:
64,192,63944,1,4,2:2:-1:50:
192,192,63944,1,2,2:2:-1:50:
448,192,63944,1,0,2:2:-1:50:
320,192,64301,1,2,2:2:-1:50:
448,192,64301,1,0,2:2:-1:50:
64,192,64658,1,8,2:2:-1:50:
192,192,64658,1,0,2:2:-1:50:
448,192,64658,1,0,2:2:-1:50:
192,192,65015,1,0,2:2:-1:50:
320,192,65194,1,2,2:2:-1:50:
448,192,65194,1,0,2:2:-1:50:
64,192,65372,1,0,2:2:-1:50:
192,192,65551,1,8,2:2:-1:50:
320,192,65551,1,0,2:2:-1:50:
448,192,65551,1,0,2:2:-1:50:
64,192,65730,1,2,2:2:-1:50:
448,192,65730,1,0,2:2:-1:50:
64,192,66087,1,8,2:2:-1:50:
192,192,66087,1,0,2:2:-1:50:
448,192,66087,1,0,2:2:-1:50:
320,192,66444,1,0,2:2:-1:50:
64,192,66801,1,2,2:2:-1:50:
192,192,66801,1,0,2:2:-1:50:
320,192,67158,1,2,2:2:-1:50:
448,192,67158,1,0,2:2:-1:50:
64,192,67515,1,8,2:2:-1:50:
192,192,67515,1,0,2:2:-1:50:
448,192,67515,1,0,2:2:-1:50:
320,192,67872,1,0,2:2:-1:50:
64,192,68051,1,2,2:2:-1:50:
448,192,68051,1,0,2:2:-1:50:
192,192,68230,1,0,2:2:-1:50:
64,192,68408,1,8,2:2:-1:50:
320,192,68408,1,0,2:2:-1:50:
448,192,68408,1,0,2:2:-1:50:
64,192,68587,1,2,2:2:-1:50:
192,192,68587,1,0,2:2:-1:50:
64,192,68944,1,8,2:2:-1:50:
192,192,68944,1,0,2:2:-1:50:
448,192,68944,1,0,2:2:-1:50:
192,192,69301,1,2,2:2:-1:50:
320,192,69301,1,0,2:2:-1:50:
64,192,69480,1,8,2:2:-1:50:
320,192,69480,1,0,2:2:-1:50:
448,192,69480,1,0,2:2:-1:50:
64,192,69658,1,2,2:2:-1:50:
192,192,69658,1,4,2:2:-1:50:
448,192,69658,1,0,2:2:-1:50:
320,192,70015,1,2,2:2:-1:50:
448,192,70015,1,0,2:2:-1:50:
64,192,70372,1,8,2:2:-1:50:
192,192,70372,1,0,2:2:-1:50:
448,192,70372,1,0,2:2:-1:50:
192,192,70730,1,0,2:2:-1:50:
320,192,70908,1,2,2:2:-1:50:
448,192,70908,1,0,2:2:-1:50:
64,192,71087,1,0,2:2:-1:50:
192,192,71265,1,8,2:2:-1:50:
320,192,71265,1,0,2:2:-1:50:
448,192,71265,1,0,2:2:-1:50:
64,192,71452,1,2,2:2:-1:50:
448,192,71452,1,0,2:2:-1:50:
64,192,71807,1,8,2:2:-1:50:
192,192,71807,1,0,2:2:-1:50:
448,192,71807,1,0,2:2:-1:50:
320,192,72162,1,0,2:2:-1:50:
64,192,72519,1,2,2:2:-1:50:
192,192,72519,1,0,2:2:-1:50:
320,192,72876,1,2,2:2:-1:50:
448,192,72876,1,0,2:2:-1:50:
64,192,73233,1,8,2:2:-1:50:
192,192,73233,1,0,2:2:-1:50:
448,192,73233,1,0,2:2:-1:50:
320,192,73590,1,0,2:2:-1:50:
64,192,73769,1,2,2:2:-1:50:
192,192,73769,1,0,2:2:-1:50:
448,192,73947,1,0,2:2:-1:50:
64,192,74126,1,8,2:2:-1:50:
192,192,74126,1,0,2:2:-1:50:
320,192,74126,1,0,2:2:-1:50:
64,192,74304,1,0,2:2:-1:50:
192,192,74483,1,2,2:2:-1:50:
448,192,74483,1,0,2:2:-1:50:
64,192,74661,1,8,2:2:-1:50:
320,192,74661,1,0,2:2:-1:50:
448,192,74661,1,0,2:2:-1:50:
192,192,74840,1,2,2:2:-1:50:
320,192,74840,1,0,2:2:-1:50:
64,192,75019,1,8,2:2:-1:50:
192,192,75019,1,0,2:2:-1:50:
448,192,75019,1,0,2:2:-1:50:
64,192,75197,1,8,2:2:-1:50:
192,192,75197,1,0,2:2:-1:50:
448,192,75197,1,0,2:2:-1:50:
64,192,75376,1,2,2:2:-1:50:
448,192,75376,1,0,2:2:-1:50:
320,192,75376,128,4,75554:2:2:-1:50:
192,192,75554,128,0,75733:2:2:-1:50:
320,192,75733,1,0,2:2:-1:50:
448,192,75733,1,0,2:2:-1:50:
64,192,75733,128,8,75911:2:2:-1:50:
448,192,75911,128,0,76090:2:2:-1:50:
64,192,76090,1,2,2:2:-1:50:
192,192,76090,1,0,2:2:-1:50:
320,192,76269,1,2,2:2:-1:50:
448,192,76269,1,0,2:2:-1:50:
64,192,76447,1,8,2:2:-1:50:
192,192,76447,1,0,2:2:-1:50:
448,192,76447,1,0,2:2:-1:50:
192,192,76804,1,2,2:2:-1:50:
448,192,76804,1,0,2:2:-1:50:
64,192,76626,128,0,76983:2:2:-1:50:
320,192,76983,1,0,2:2:-1:50:
64,192,77161,1,8,2:2:-1:50:
192,192,77161,1,0,2:2:-1:50:
448,192,77161,1,0,2:2:-1:50:
320,192,77340,1,0,2:2:-1:50:
64,192,77519,1,2,2:2:-1:50:
448,192,77519,1,0,2:2:-1:50:
192,192,77697,1,2,2:2:-1:50:
320,192,77697,1,0,2:2:-1:50:
64,192,77876,1,8,2:2:-1:50:
320,192,77876,1,0,2:2:-1:50:
448,192,77876,1,0,2:2:-1:50:
192,192,78054,1,0,2:2:-1:50:
448,192,78233,1,0,2:2:-1:50:
320,192,78233,128,2,78411:2:2:-1:50:
192,192,78411,1,0,2:2:-1:50:
64,192,78590,1,8,2:2:-1:50:
320,192,78590,1,0,2:2:-1:50:
448,192,78590,128,0,78769:2:2:-1:50:
320,192,78947,1,2,2:2:-1:50:
448,192,78947,1,0,2:2:-1:50:
192,192,78769,128,0,79126:2:2:-1:50:
64,192,79126,1,2,2:2:-1:50:
320,192,79126,1,0,2:2:-1:50:
64,192,79304,1,8,2:2:-1:50:
192,192,79304,1,0,2:2:-1:50:
448,192,79304,1,0,2:2:-1:50:
64,192,79661,1,2,2:2:-1:50:
448,192,79661,1,0,2:2:-1:50:
320,192,79483,128,0,79840:2:2:-1:50:
64,192,80019,1,8,2:2:-1:50:
320,192,80019,1,0,2:2:-1:50:
448,192,80019,1,0,2:2:-1:50:
192,192,79840,128,0,80197:2:2:-1:50:
448,192,80197,1,0,2:2:-1:50:
64,192,80376,1,2,2:2:-1:50:
192,192,80376,1,0,2:2:-1:50:
320,192,80554,1,2,2:2:-1:50:
448,192,80554,1,0,2:2:-1:50:
64,192,80733,1,8,2:2:-1:50:
192,192,80733,1,0,2:2:-1:50:
320,192,80733,1,0,2:2:-1:50:
448,192,80911,1,0,2:2:-1:50:
64,192,81090,1,2,2:2:-1:50:
192,192,81090,128,0,81269:2:2:-1:50:
320,192,81269,128,0,81447:2:2:-1:50:
192,192,81447,1,0,2:2:-1:50:
448,192,81447,1,0,2:2:-1:50:
64,192,81447,128,8,81626:2:2:-1:50:
448,192,81626,128,0,81804:2:2:-1:50:
64,192,81804,1,2,2:2:-1:50:
320,192,81804,128,0,81983:2:2:-1:50:
192,192,81983,1,2,2:2:-1:50:
448,192,81983,1,0,2:2:-1:50:
64,192,82161,1,8,2:2:-1:50:
320,192,82161,1,0,2:2:-1:50:
448,192,82161,1,0,2:2:-1:50:
192,192,82519,1,2,2:2:-1:50:
320,192,82519,1,0,2:2:-1:50:
64,192,82340,128,0,82697:2:2:-1:50:
448,192,82697,1,0,2:2:-1:50:
64,192,82876,1,8,2:2:-1:50:
192,192,82876,1,0,2:2:-1:50:
320,192,82876,1,0,2:2:-1:50:
448,192,83054,128,0,83233:2:2:-1:50:
192,192,83233,1,0,2:2:-1:50:
64,192,83233,128,2,83411:2:2:-1:50:
320,192,83411,1,2,2:2:-1:50:
448,192,83411,1,0,2:2:-1:50:
64,192,83590,1,8,2:2:-1:50:
192,192,83590,1,0,2:2:-1:50:
448,192,83590,128,0,83769:2:2:-1:50:
320,192,83769,128,0,83947:2:2:-1:50:
448,192,83947,1,0,2:2:-1:50:
64,192,83947,128,2,84126:2:2:-1:50:
192,192,84126,1,0,2:2:-1:50:
64,192,84304,1,8,2:2:-1:50:
448,192,84304,1,0,2:2:-1:50:
320,192,84304,128,0,84483:2:2:-1:50:
192,192,84483,128,0,84661:2:2:-1:50:
64,192,84661,1,2,2:2:-1:50:
448,192,84661,1,0,2:2:-1:50:
192,192,84840,1,2,2:2:-1:50:
320,192,84840,1,0,2:2:-1:50:
64,192,85019,1,8,2:2:-1:50:
320,192,85019,1,0,2:2:-1:50:
448,192,85019,1,0,2:2:-1:50:
64,192,85376,1,2,2:2:-1:50:
192,192,85376,1,0,2:2:-1:50:
448,192,85197,128,0,85554:2:2:-1:50:
320,192,85554,1,0,2:2:-1:50:
64,192,85733,1,8,2:2:-1:50:
192,192,85733,1,0,2:2:-1:50:
448,192,85733,1,0,2:2:-1:50:
320,192,85911,1,0,2:2:-1:50:
64,192,86090,1,2,2:2:-1:50:
448,192,86090,1,0,2:2:-1:50:
192,192,86269,1,2,2:2:-1:50:
320,192,86269,1,0,2:2:-1:50:
64,192,86447,1,8,2:2:-1:50:
448,192,86447,1,0,2:2:-1:50:
320,192,86447,128,0,86626:2:2:-1:50:
192,192,86626,1,0,2:2:-1:50:
192,192,86804,1,4,2:2:-1:50:
320,192,86804,1,2,2:2:-1:50:
448,192,86804,1,0,2:2:-1:50:
64,192,86626,128,2,86983:2:2:-1:50:
448,192,86983,128,0,87161:2:2:-1:50:
64,192,87161,1,8,2:2:-1:50:
320,192,87161,1,0,2:2:-1:50:
192,192,87161,128,0,87340:2:2:-1:50:
320,192,87340,128,0,87519:2:2:-1:50:
64,192,87519,1,2,2:2:-1:50:
192,192,87697,1,2,2:2:-1:50:
448,192,87519,128,0,87876:2:2:-1:50:
192,192,87876,1,0,2:2:-1:50:
320,192,87876,1,0,2:2:-1:50:
64,192,87876,128,8,88054:2:2:-1:50:
64,192,88233,1,2,2:2:-1:50:
448,192,88233,1,0,2:2:-1:50:
320,192,88054,128,0,88411:2:2:-1:50:
192,192,88411,1,2,2:2:-1:50:
448,192,88411,1,0,2:2:-1:50:
64,192,88590,1,8,2:2:-1:50:
192,192,88590,1,0,2:2:-1:50:
320,192,88590,1,0,2:2:-1:50:
448,192,88769,128,0,88947:2:2:-1:50:
64,192,88947,1,2,2:2:-1:50:
192,192,88947,128,0,89126:2:2:-1:50:
320,192,89126,1,2,2:2:-1:50:
448,192,89126,1,0,2:2:-1:50:
64,192,89304,1,8,2:2:-1:50:
320,192,89304,1,0,2:2:-1:50:
192,192,89304,128,0,89483:2:2:-1:50:
448,192,89483,128,0,89661:2:2:-1:50:
192,192,89661,1,2,2:2:-1:50:
320,192,89661,128,0,89840:2:2:-1:50:
64,192,89840,1,2,2:2:-1:50:
448,192,89840,1,0,2:2:-1:50:
320,192,90019,1,0,2:2:-1:50:
448,192,90019,1,0,2:2:-1:50:
192,192,90019,128,8,90197:2:2:-1:50:
64,192,90197,128,0,90376:2:2:-1:50:
192,192,90376,1,2,2:2:-1:50:
448,192,90376,1,0,2:2:-1:50:
192,192,90554,1,2,2:2:-1:50:
320,192,90554,1,0,2:2:-1:50:
64,192,90733,1,8,2:2:-1:50:
320,192,90733,1,0,2:2:-1:50:
448,192,90733,1,0,2:2:-1:50:
64,192,91090,1,2,2:2:-1:50:
192,192,91090,1,0,2:2:-1:50:
448,192,90911,128,0,91269:2:2:-1:50:
320,192,91269,1,0,2:2:-1:50:
64,192,91447,1,8,2:2:-1:50:
320,192,91447,1,0,2:2:-1:50:
448,192,91447,1,0,2:2:-1:50:
192,192,91269,128,2,91626:2:2:-1:50:
448,192,91626,1,0,2:2:-1:50:
64,192,91804,1,2,2:2:-1:50:
192,192,91804,1,0,2:2:-1:50:
320,192,91983,1,2,2:2:-1:50:
448,192,91983,1,0,2:2:-1:50:
64,192,92161,1,8,2:2:-1:50:
192,192,92161,1,0,2:2:-1:50:
320,192,92161,1,0,2:2:-1:50:
448,192,92340,128,0,92429:2:2:-1:50:
320,192,92519,1,2,2:2:-1:50:
64,192,92697,1,2,2:2:-1:50:
448,192,92519,128,0,92876:2:2:-1:50:
64,192,92876,1,8,2:2:-1:50:
320,192,92876,1,0,2:2:-1:50:
192,192,92876,128,0,93054:2:2:-1:50:
64,192,93233,1,2,2:2:-1:50:
320,192,93233,1,0,2:2:-1:50:
448,192,93054,128,0,93411:2:2:-1:50:
64,192,93411,1,2,2:2:-1:50:
192,192,93411,1,0,2:2:-1:50:
320,192,93590,1,0,2:2:-1:50:
448,192,93590,1,0,2:2:-1:50:
192,192,93590,128,8,93769:2:2:-1:50:
64,192,93947,1,2,2:2:-1:50:
448,192,93947,1,0,2:2:-1:50:
320,192,93769,128,0,94126:2:2:-1:50:
192,192,94126,1,2,2:2:-1:50:
448,192,94126,1,0,2:2:-1:50:
64,192,94304,1,8,2:2:-1:50:
192,192,94304,1,0,2:2:-1:50:
320,192,94304,1,0,2:2:-1:50:
64,192,94483,128,0,94661:2:2:-1:50:
320,192,94661,1,2,2:2:-1:50:
448,192,94661,128,0,94840:2:2:-1:50:
64,192,94840,1,8,2:2:-1:50:
192,192,94840,1,0,2:2:-1:50:
320,192,94840,128,0,95019:2:2:-1:50:
192,192,95019,1,0,2:2:-1:50:
448,192,95019,1,0,2:2:-1:50:
64,192,95019,128,8,95197:2:2:-1:50:
320,192,95197,1,0,2:2:-1:50:
192,192,95197,128,2,95376:2:2:-1:50:
64,192,95376,1,2,2:2:-1:50:
448,192,95376,1,0,2:2:-1:50:
320,192,95376,128,4,95733:2:2:-1:50:
192,192,95733,1,0,2:2:-1:50:
64,192,95733,128,2,95911:2:2:-1:50:
320,192,95911,1,0,2:2:-1:50:
448,192,95911,1,0,2:2:-1:50:
320,192,96090,1,0,2:2:-1:50:
192,192,95911,128,8,96269:2:2:-1:50:
64,192,96269,1,2,2:2:-1:50:
448,192,96269,128,0,96447:2:2:-1:50:
64,192,96447,1,8,2:2:-1:50:
192,192,96447,1,0,2:2:-1:50:
320,192,96447,128,0,96804:2:2:-1:50:
64,192,96804,1,2,2:2:-1:50:
448,192,96804,1,0,2:2:-1:50:
64,192,96983,1,8,2:2:-1:50:
320,192,96983,1,0,2:2:-1:50:
192,192,96983,128,4,97340:2:2:-1:50:
64,192,97340,1,2,2:2:-1:50:
448,192,97340,1,0,2:2:-1:50:
320,192,97429,1,2,2:2:-1:50:
64,192,97519,1,8,2:2:-1:50:
192,192,97519,1,0,2:2:-1:50:
448,192,97519,1,0,2:2:-1:50:
64,192,97697,1,0,2:2:-1:50:
320,192,97697,1,0,2:2:-1:50:
192,192,97876,1,0,2:2:-1:50:
448,192,97876,1,0,2:2:-1:50:
192,192,98054,1,2,2:2:-1:50:
320,192,98054,1,0,2:2:-1:50:
448,192,98233,128,0,98501:2:2:-1:50:
64,192,98590,1,2,2:2:-1:50:
192,192,98590,1,0,2:2:-1:50:
448,192,98769,128,0,99036:2:2:-1:50:
320,192,99126,1,2,2:2:-1:50:
448,192,99126,1,0,2:2:-1:50:
448,192,99304,128,0,99572:2:2:-1:50:
64,192,99661,1,2,2:2:-1:50:
192,192,99661,1,8,2:2:-1:50:
64,192,99840,1,8,2:2:-1:50:
320,192,99840,1,0,2:2:-1:50:
448,192,99840,1,0,2:2:-1:50:
192,192,100019,1,2,2:2:-1:50:
320,192,100019,1,8,2:2:-1:50:
448,192,100019,1,0,2:2:-1:50:
64,192,100197,1,8,2:2:-1:50:
192,192,100197,1,0,2:2:-1:50:
320,192,100197,1,0,2:2:-1:50:
64,192,100376,1,8,2:2:-1:50:
320,192,100376,1,0,2:2:-1:50:
448,192,100376,1,0,2:2:-1:50:
64,192,100554,1,8,2:2:-1:50:
192,192,100554,1,0,2:2:-1:50:
448,192,100554,1,0,2:2:-1:50:
64,192,100733,1,8,2:2:-1:50:
320,192,100733,1,0,2:2:-1:50:
448,192,100733,1,0,2:2:-1:50:
192,192,100911,1,8,2:2:-1:50:
320,192,100911,1,0,2:2:-1:50:
448,192,100911,1,0,2:2:-1:50:
64,192,101090,1,2,2:2:-1:50:
192,192,101090,1,4,2:2:-1:50:
320,192,101090,1,0,2:2:-1:50:
448,192,101090,128,0,101447:2:2:-1:50:
64,192,101447,1,8,2:2:-1:50:
192,192,101447,1,0,2:2:-1:50:
320,192,101447,1,0,2:2:-1:50:
192,192,101626,1,0,2:2:-1:50:
64,192,101804,1,2,2:2:-1:50:
448,192,101804,1,0,2:2:-1:50:
64,192,101983,1,2,2:2:-1:50:
320,192,101983,1,0,2:2:-1:50:
192,192,102161,1,8,2:2:-1:50:
320,192,102161,1,0,2:2:-1:50:
448,192,102161,1,0,2:2:-1:50:
192,192,102340,1,0,2:2:-1:50:
64,192,102519,1,2,2:2:-1:50:
448,192,102519,1,0,2:2:-1:50:
320,192,102697,1,0,2:2:-1:50:
64,192,102876,1,8,2:2:-1:50:
192,192,102876,1,0,2:2:-1:50:
448,192,102876,1,0,2:2:-1:50:
64,192,103054,1,0,2:2:-1:50:
320,192,103233,1,2,2:2:-1:50:
448,192,103233,1,0,2:2:-1:50:
192,192,103411,1,2,2:2:-1:50:
320,192,103411,1,0,2:2:-1:50:
64,192,103590,1,8,2:2:-1:50:
192,192,103590,1,0,2:2:-1:50:
448,192,103590,1,0,2:2:-1:50:
64,192,103769,128,0,103947:2:2:-1:50:
448,192,103947,1,0,2:2:-1:50:
192,192,103947,128,2,104304:2:2:-1:50:
64,192,104304,1,8,2:2:-1:50:
320,192,104304,1,0,2:2:-1:50:
448,192,104304,1,0,2:2:-1:50:
64,192,104661,1,2,2:2:-1:50:
192,192,104661,1,0,2:2:-1:50:
448,192,104483,128,0,104840:2:2:-1:50:
192,192,104840,1,2,2:2:-1:50:
320,192,104840,1,0,2:2:-1:50:
64,192,105019,1,8,2:2:-1:50:
320,192,105019,1,0,2:2:-1:50:
448,192,105019,1,0,2:2:-1:50:
192,192,105197,1,0,2:2:-1:50:
320,192,105376,1,2,2:2:-1:50:
448,192,105376,1,0,2:2:-1:50:
64,192,105286,128,0,105733:2:2:-1:50:
192,192,105733,1,8,2:2:-1:50:
320,192,105733,1,0,2:2:-1:50:
448,192,105733,1,0,2:2:-1:50:
192,192,105911,1,0,2:2:-1:50:
64,192,106090,1,2,2:2:-1:50:
320,192,106090,1,0,2:2:-1:50:
192,192,106269,1,2,2:2:-1:50:
448,192,106269,1,0,2:2:-1:50:
64,192,106447,1,8,2:2:-1:50:
320,192,106447,1,0,2:2:-1:50:
448,192,106447,1,0,2:2:-1:50:
320,192,106626,1,0,2:2:-1:50:
192,192,106804,1,0,2:2:-1:50:
64,192,106804,128,2,107161:2:2:-1:50:
192,192,107161,1,8,2:2:-1:50:
320,192,107161,1,0,2:2:-1:50:
448,192,107161,1,0,2:2:-1:50:
448,192,107340,1,0,2:2:-1:50:
192,192,107519,1,2,2:2:-1:50:
320,192,107519,1,0,2:2:-1:50:
64,192,107697,1,2,2:2:-1:50:
192,192,107697,1,0,2:2:-1:50:
64,192,107876,1,8,2:2:-1:50:
320,192,107876,1,0,2:2:-1:50:
448,192,107876,1,0,2:2:-1:50:
192,192,108054,1,0,2:2:-1:50:
64,192,108233,1,2,2:2:-1:50:
448,192,108233,1,0,2:2:-1:50:
320,192,108411,1,0,2:2:-1:50:
64,192,108590,1,8,2:2:-1:50:
192,192,108590,1,0,2:2:-1:50:
448,192,108590,1,0,2:2:-1:50:
64,192,108769,1,0,2:2:-1:50:
320,192,108947,1,2,2:2:-1:50:
448,192,108947,1,0,2:2:-1:50:
192,192,109126,1,2,2:2:-1:50:
448,192,109126,1,0,2:2:-1:50:
64,192,109304,1,8,2:2:-1:50:
192,192,109304,1,0,2:2:-1:50:
320,192,109304,1,0,2:2:-1:50:
448,192,109483,1,0,2:2:-1:50:
320,192,109572,1,0,2:2:-1:50:
64,192,109661,1,2,2:2:-1:50:
192,192,109661,128,0,110013:2:2:-1:50:
64,192,110013,1,8,2:2:-1:50:
320,192,110013,1,0,2:2:-1:50:
448,192,110013,1,0,2:2:-1:50:
320,192,110191,1,0,2:2:-1:50:
64,192,110370,1,2,2:2:-1:50:
448,192,110370,1,0,2:2:-1:50:
192,192,110548,1,2,2:2:-1:50:
448,192,110548,1,0,2:2:-1:50:
64,192,110727,1,8,2:2:-1:50:
192,192,110727,1,0,2:2:-1:50:
320,192,110727,1,0,2:2:-1:50:
448,192,110906,1,0,2:2:-1:50:
192,192,111084,1,2,2:2:-1:50:
320,192,111084,1,0,2:2:-1:50:
64,192,110995,128,0,111441:2:2:-1:50:
192,192,111441,1,8,2:2:-1:50:
320,192,111441,1,0,2:2:-1:50:
448,192,111441,1,0,2:2:-1:50:
320,192,111620,1,0,2:2:-1:50:
192,192,111798,1,2,2:2:-1:50:
448,192,111798,1,0,2:2:-1:50:
64,192,111977,1,2,2:2:-1:50:
320,192,111977,1,0,2:2:-1:50:
64,192,112156,1,8,2:2:-1:50:
192,192,112156,1,0,2:2:-1:50:
448,192,112156,1,0,2:2:-1:50:
192,192,112334,1,2,2:2:-1:50:
320,192,112334,1,0,2:2:-1:50:
64,192,112513,1,2,2:2:-1:50:
320,192,112513,1,4,2:2:-1:50:
448,192,112513,128,0,112870:2:2:-1:50:
64,192,112870,1,8,2:2:-1:50:
192,192,112870,1,0,2:2:-1:50:
320,192,112870,1,0,2:2:-1:50:
320,192,113048,1,0,2:2:-1:50:
192,192,113227,1,2,2:2:-1:50:
448,192,113227,1,0,2:2:-1:50:
64,192,113406,1,2,2:2:-1:50:
320,192,113406,1,0,2:2:-1:50:
64,192,113584,1,8,2:2:-1:50:
192,192,113584,1,0,2:2:-1:50:
448,192,113584,1,0,2:2:-1:50:
320,192,113763,1,0,2:2:-1:50:
64,192,113941,1,2,2:2:-1:50:
192,192,113941,1,0,2:2:-1:50:
448,192,114120,1,0,2:2:-1:50:
64,192,114298,1,8,2:2:-1:50:
192,192,114298,1,0,2:2:-1:50:
320,192,114298,1,0,2:2:-1:50:
320,192,114477,1,0,2:2:-1:50:
192,192,114656,1,2,2:2:-1:50:
448,192,114656,1,0,2:2:-1:50:
64,192,114834,1,2,2:2:-1:50:
320,192,114834,1,0,2:2:-1:50:
64,192,115013,1,8,2:2:-1:50:
192,192,115013,1,0,2:2:-1:50:
448,192,115013,1,0,2:2:-1:50:
192,192,115191,1,0,2:2:-1:50:
320,192,115281,1,0,2:2:-1:50:
64,192,115370,1,2,2:2:-1:50:
448,192,115370,128,0,115727:2:2:-1:50:
64,192,115727,1,8,2:2:-1:50:
192,192,115727,1,0,2:2:-1:50:
320,192,115727,1,0,2:2:-1:50:
320,192,115906,1,0,2:2:-1:50:
192,192,116084,1,2,2:2:-1:50:
448,192,116084,1,0,2:2:-1:50:
64,192,116263,1,2,2:2:-1:50:
320,192,116263,1,0,2:2:-1:50:
64,192,116441,1,8,2:2:-1:50:
192,192,116441,1,0,2:2:-1:50:
448,192,116441,1,0,2:2:-1:50:
192,192,116620,1,0,2:2:-1:50:
320,192,116798,1,2,2:2:-1:50:
448,192,116798,128,0,117156:2:2:-1:50:
64,192,117156,1,8,2:2:-1:50:
192,192,117156,1,0,2:2:-1:50:
320,192,117156,1,0,2:2:-1:50:
64,192,117334,1,0,2:2:-1:50:
192,192,117513,1,2,2:2:-1:50:
448,192,117513,1,0,2:2:-1:50:
64,192,117691,1,2,2:2:-1:50:
320,192,117691,1,0,2:2:-1:50:
320,192,117870,1,0,2:2:-1:50:
448,192,117870,1,0,2:2:-1:50:
192,192,117870,128,8,118227:2:2:-1:50:
320,192,118227,1,4,2:2:-1:50:
448,192,118227,1,0,2:2:-1:50:
64,192,118227,128,2,118584:2:2:-1:50:
192,192,118584,1,8,2:2:-1:50:
320,192,118584,1,0,2:2:-1:50:
448,192,118584,1,0,2:2:-1:50:
448,192,118763,1,0,2:2:-1:50:
192,192,118941,1,2,2:2:-1:50:
320,192,118941,1,0,2:2:-1:50:
64,192,119120,1,2,2:2:-1:50:
448,192,119120,1,0,2:2:-1:50:
64,192,119298,1,8,2:2:-1:50:
192,192,119298,1,0,2:2:-1:50:
320,192,119298,1,0,2:2:-1:50:
448,192,119477,1,0,2:2:-1:50:
320,192,119566,1,0,2:2:-1:50:
64,192,119656,1,2,2:2:-1:50:
192,192,119656,1,0,2:2:-1:50:
448,192,119834,1,0,2:2:-1:50:
64,192,120013,1,8,2:2:-1:50:
320,192,120013,1,0,2:2:-1:50:
448,192,120013,1,0,2:2:-1:50:
192,192,120191,1,0,2:2:-1:50:
64,192,120370,1,2,2:2:-1:50:
320,192,120370,1,0,2:2:-1:50:
192,192,120548,1,2,2:2:-1:50:
448,192,120548,1,0,2:2:-1:50:
64,192,120727,1,8,2:2:-1:50:
320,192,120727,1,0,2:2:-1:50:
448,192,120727,1,0,2:2:-1:50:
192,192,120906,1,0,2:2:-1:50:
320,192,120995,1,0,2:2:-1:50:
64,192,121084,1,2,2:2:-1:50:
448,192,121084,1,0,2:2:-1:50:
192,192,121084,128,4,121441:2:2:-1:50:
64,192,121441,1,8,2:2:-1:50:
320,192,121441,1,0,2:2:-1:50:
448,192,121441,1,0,2:2:-1:50:
320,192,121620,1,0,2:2:-1:50:
64,192,121798,1,2,2:2:-1:50:
192,192,121798,1,0,2:2:-1:50:
320,192,121977,1,2,2:2:-1:50:
448,192,121977,1,0,2:2:-1:50:
64,192,122156,1,8,2:2:-1:50:
192,192,122156,1,0,2:2:-1:50:
448,192,122156,1,0,2:2:-1:50:
64,192,122334,1,0,2:2:-1:50:
192,192,122513,1,2,2:2:-1:50:
320,192,122513,1,0,2:2:-1:50:
320,192,122691,1,0,2:2:-1:50:
64,192,122870,1,8,2:2:-1:50:
192,192,122870,1,0,2:2:-1:50:
448,192,122870,1,0,2:2:-1:50:
192,192,123048,1,0,2:2:-1:50:
64,192,123227,1,8,2:2:-1:50:
320,192,123227,1,0,2:2:-1:50:
448,192,123227,1,0,2:2:-1:50:
64,192,123406,1,8,2:2:-1:50:
192,192,123406,1,0,2:2:-1:50:
448,192,123406,1,0,2:2:-1:50:
64,192,123763,1,2,2:2:-1:50:
448,192,123763,1,0,2:2:-1:50:
192,192,123763,128,4,123941:2:2:-1:50:
320,192,123941,128,0,124120:2:2:-1:50:
192,192,124120,1,2,2:2:-1:50:
448,192,124120,1,0,2:2:-1:50:
64,192,124298,1,8,2:2:-1:50:
320,192,124298,1,0,2:2:-1:50:
448,192,124298,1,0,2:2:-1:50:
192,192,124477,1,0,2:2:-1:50:
64,192,124656,1,2,2:2:-1:50:
448,192,124656,1,0,2:2:-1:50:
64,192,124834,1,2,2:2:-1:50:
320,192,124834,1,0,2:2:-1:50:
192,192,125013,1,8,2:2:-1:50:
320,192,125013,1,0,2:2:-1:50:
448,192,125013,1,0,2:2:-1:50:
64,192,125191,1,0,2:2:-1:50:
192,192,125281,1,0,2:2:-1:50:
320,192,125370,1,2,2:2:-1:50:
448,192,125370,1,0,2:2:-1:50:
64,192,125548,1,2,2:2:-1:50:
320,192,125548,1,0,2:2:-1:50:
64,192,125727,1,8,2:2:-1:50:
192,192,125727,1,0,2:2:-1:50:
448,192,125727,1,0,2:2:-1:50:
320,192,125906,1,0,2:2:-1:50:
64,192,126084,1,2,2:2:-1:50:
192,192,126084,1,0,2:2:-1:50:
192,192,126263,1,2,2:2:-1:50:
448,192,126263,1,0,2:2:-1:50:
64,192,126441,1,8,2:2:-1:50:
320,192,126441,1,0,2:2:-1:50:
448,192,126441,1,0,2:2:-1:50:
192,192,126620,1,0,2:2:-1:50:
320,192,126709,1,0,2:2:-1:50:
64,192,126798,1,2,2:2:-1:50:
448,192,126798,1,0,2:2:-1:50:
192,192,126977,1,2,2:2:-1:50:
320,192,126977,1,0,2:2:-1:50:
64,192,127156,1,8,2:2:-1:50:
192,192,127156,1,0,2:2:-1:50:
448,192,127156,1,0,2:2:-1:50:
320,192,127334,1,0,2:2:-1:50:
192,192,127513,1,2,2:2:-1:50:
448,192,127513,1,0,2:2:-1:50:
64,192,127691,1,2,2:2:-1:50:
448,192,127691,1,0,2:2:-1:50:
64,192,127870,1,8,2:2:-1:50:
192,192,127870,1,0,2:2:-1:50:
320,192,127870,1,0,2:2:-1:50:
448,192,128048,1,0,2:2:-1:50:
320,192,128138,1,0,2:2:-1:50:
64,192,128227,1,2,2:2:-1:50:
192,192,128227,1,0,2:2:-1:50:
192,192,128406,1,2,2:2:-1:50:
320,192,128406,1,0,2:2:-1:50:
64,192,128584,1,8,2:2:-1:50:
320,192,128584,1,0,2:2:-1:50:
448,192,128584,1,0,2:2:-1:50:
192,192,128763,1,0,2:2:-1:50:
320,192,128941,1,2,2:2:-1:50:
448,192,128941,1,0,2:2:-1:50:
64,192,129120,1,2,2:2:-1:50:
448,192,129120,1,0,2:2:-1:50:
64,192,129298,1,8,2:2:-1:50:
192,192,129298,1,0,2:2:-1:50:
320,192,129298,1,0,2:2:-1:50:
448,192,129477,1,0,2:2:-1:50:
192,192,129566,1,0,2:2:-1:50:
64,192,129656,1,2,2:2:-1:50:
320,192,129656,1,0,2:2:-1:50:
64,192,129834,1,2,2:2:-1:50:
192,192,129834,1,0,2:2:-1:50:
192,192,130013,1,8,2:2:-1:50:
320,192,130013,1,0,2:2:-1:50:
448,192,130013,1,0,2:2:-1:50:
448,192,130191,1,0,2:2:-1:50:
320,192,130281,1,0,2:2:-1:50:
64,192,130370,1,2,2:2:-1:50:
192,192,130370,1,0,2:2:-1:50:
64,192,130548,1,2,2:2:-1:50:
320,192,130548,1,0,2:2:-1:50:
192,192,130727,1,8,2:2:-1:50:
320,192,130727,1,0,2:2:-1:50:
448,192,130727,1,0,2:2:-1:50:
64,192,130906,1,0,2:2:-1:50:
320,192,130995,1,0,2:2:-1:50:
192,192,131084,1,2,2:2:-1:50:
448,192,131084,1,0,2:2:-1:50:
64,192,131263,1,2,2:2:-1:50:
448,192,131263,1,0,2:2:-1:50:
64,192,131441,1,8,2:2:-1:50:
192,192,131441,1,0,2:2:-1:50:
320,192,131441,1,0,2:2:-1:50:
192,192,131620,1,0,2:2:-1:50:
320,192,131709,1,0,2:2:-1:50:
64,192,131798,1,2,2:2:-1:50:
448,192,131798,1,0,2:2:-1:50:
192,192,131977,1,2,2:2:-1:50:
448,192,131977,1,0,2:2:-1:50:
64,192,132156,1,8,2:2:-1:50:
192,192,132156,1,0,2:2:-1:50:
320,192,132156,1,0,2:2:-1:50:
448,192,132334,1,0,2:2:-1:50:
192,192,132423,1,0,2:2:-1:50:
64,192,132513,1,2,2:2:-1:50:
320,192,132513,1,0,2:2:-1:50:
320,192,132691,1,2,2:2:-1:50:
448,192,132691,1,0,2:2:-1:50:
64,192,132870,1,8,2:2:-1:50:
192,192,132870,1,0,2:2:-1:50:
448,192,132870,1,0,2:2:-1:50:
64,192,133048,1,0,2:2:-1:50:
192,192,133138,1,0,2:2:-1:50:
320,192,133227,1,2,2:2:-1:50:
448,192,133227,1,0,2:2:-1:50:
192,192,133406,1,2,2:2:-1:50:
448,192,133406,1,0,2:2:-1:50:
64,192,133584,1,8,2:2:-1:50:
192,192,133584,1,0,2:2:-1:50:
320,192,133584,1,0,2:2:-1:50:
448,192,133763,1,0,2:2:-1:50:
192,192,133852,1,0,2:2:-1:50:
64,192,133941,1,2,2:2:-1:50:
320,192,133941,1,0,2:2:-1:50:
192,192,134120,1,2,2:2:-1:50:
448,192,134120,1,0,2:2:-1:50:
64,192,134298,1,8,2:2:-1:50:
192,192,134298,1,0,2:2:-1:50:
320,192,134298,1,0,2:2:-1:50:
64,192,134477,1,0,2:2:-1:50:
320,192,134566,1,0,2:2:-1:50:
192,192,134656,1,2,2:2:-1:50:
448,192,134656,1,0,2:2:-1:50:
64,192,134834,1,8,2:2:-1:50:
320,192,134834,1,0,2:2:-1:50:
448,192,134834,1,0,2:2:-1:50:
64,192,135013,1,8,2:2:-1:50:
320,192,135013,1,0,2:2:-1:50:
448,192,135013,1,0,2:2:-1:50:
64,192,135191,1,8,2:2:-1:50:
320,192,135191,1,0,2:2:-1:50:
448,192,135191,1,0,2:2:-1:50:
64,192,135370,1,2,2:2:-1:50:
192,192,135370,1,4,2:2:-1:50:
320,192,135370,1,0,2:2:-1:50:
448,192,135370,1,0,2:2:-1:50:
64,192,135548,1,2,2:2:-1:50:
192,192,135548,1,0,2:2:-1:50:
192,192,135727,1,8,2:2:-1:50:
320,192,135727,1,0,2:2:-1:50:
448,192,135727,1,0,2:2:-1:50:
64,192,135906,1,0,2:2:-1:50:
320,192,135995,1,0,2:2:-1:50:
192,192,136084,1,2,2:2:-1:50:
448,192,136084,1,0,2:2:-1:50:
192,192,136263,1,2,2:2:-1:50:
320,192,136263,1,0,2:2:-1:50:
64,192,136441,1,8,2:2:-1:50:
320,192,136441,1,0,2:2:-1:50:
448,192,136441,1,0,2:2:-1:50:
192,192,136620,1,0,2:2:-1:50:
448,192,136709,1,0,2:2:-1:50:
64,192,136798,1,2,2:2:-1:50:
320,192,136798,1,0,2:2:-1:50:
192,192,136977,1,2,2:2:-1:50:
320,192,136977,1,0,2:2:-1:50:
64,192,137156,1,8,2:2:-1:50:
192,192,137156,1,0,2:2:-1:50:
448,192,137156,1,0,2:2:-1:50:
320,192,137334,1,0,2:2:-1:50:
192,192,137423,1,0,2:2:-1:50:
64,192,137513,1,2,2:2:-1:50:
448,192,137513,1,0,2:2:-1:50:
64,192,137691,1,2,2:2:-1:50:
320,192,137691,1,0,2:2:-1:50:
192,192,137870,1,8,2:2:-1:50:
320,192,137870,1,0,2:2:-1:50:
448,192,137870,1,0,2:2:-1:50:
192,192,138048,1,0,2:2:-1:50:
320,192,138138,1,0,2:2:-1:50:
64,192,138227,1,2,2:2:-1:50:
448,192,138227,1,0,2:2:-1:50:
192,192,138406,1,2,2:2:-1:50:
448,192,138406,1,0,2:2:-1:50:
64,192,138584,1,8,2:2:-1:50:
192,192,138584,1,0,2:2:-1:50:
320,192,138584,1,0,2:2:-1:50:
448,192,138763,1,0,2:2:-1:50:
192,192,138852,1,0,2:2:-1:50:
64,192,138941,1,2,2:2:-1:50:
320,192,138941,1,0,2:2:-1:50:
192,192,139120,1,2,2:2:-1:50:
320,192,139120,1,0,2:2:-1:50:
64,192,139298,1,8,2:2:-1:50:
192,192,139298,1,0,2:2:-1:50:
448,192,139298,1,0,2:2:-1:50:
320,192,139477,1,0,2:2:-1:50:
64,192,139566,1,0,2:2:-1:50:
192,192,139656,1,2,2:2:-1:50:
448,192,139656,1,0,2:2:-1:50:
192,192,139834,1,2,2:2:-1:50:
320,192,139834,1,0,2:2:-1:50:
64,192,140013,1,8,2:2:-1:50:
320,192,140013,1,0,2:2:-1:50:
448,192,140013,1,0,2:2:-1:50:
448,192,140191,1,0,2:2:-1:50:
192,192,140281,1,0,2:2:-1:50:
64,192,140370,1,2,2:2:-1:50:
320,192,140370,1,0,2:2:-1:50:
192,192,140548,1,2,2:2:-1:50:
320,192,140548,1,0,2:2:-1:50:
64,192,140727,1,8,2:2:-1:50:
192,192,140727,1,0,2:2:-1:50:
320,192,140906,1,0,2:2:-1:50:
192,192,140995,1,0,2:2:-1:50:
448,192,140727,128,0,141084:2:2:-1:50:
64,192,141084,1,2,2:2:-1:50:
320,192,141084,1,0,2:2:-1:50:
192,192,141263,1,2,2:2:-1:50:
448,192,141263,1,0,2:2:-1:50:
64,192,141441,1,8,2:2:-1:50:
192,192,141441,1,0,2:2:-1:50:
320,192,141441,1,0,2:2:-1:50:
448,192,141620,1,0,2:2:-1:50:
320,192,141709,1,0,2:2:-1:50:
64,192,141798,1,2,2:2:-1:50:
192,192,141798,1,0,2:2:-1:50:
320,192,141977,1,2,2:2:-1:50:
448,192,141977,1,0,2:2:-1:50:
64,192,142156,1,8,2:2:-1:50:
192,192,142156,1,0,2:2:-1:50:
320,192,142156,1,0,2:2:-1:50:
448,192,142334,1,0,2:2:-1:50:
192,192,142423,1,0,2:2:-1:50:
64,192,142513,1,2,2:2:-1:50:
320,192,142513,1,0,2:2:-1:50:
192,192,142691,1,2,2:2:-1:50:
448,192,142691,1,0,2:2:-1:50:
64,192,142870,1,8,2:2:-1:50:
192,192,142870,1,0,2:2:-1:50:
320,192,142870,1,0,2:2:-1:50:
448,192,143048,1,0,2:2:-1:50:
64,192,143138,1,0,2:2:-1:50:
192,192,143227,1,2,2:2:-1:50:
320,192,143227,1,0,2:2:-1:50:
64,192,143406,1,2,2:2:-1:50:
448,192,143406,1,0,2:2:-1:50:
64,192,143584,1,8,2:2:-1:50:
192,192,143584,1,0,2:2:-1:50:
320,192,143584,1,0,2:2:-1:50:
192,192,143763,1,0,2:2:-1:50:
448,192,143852,1,0,2:2:-1:50:
64,192,143941,1,2,2:2:-1:50:
192,192,144120,1,2,2:2:-1:50:
64,192,144298,1,8,2:2:-1:50:
192,192,144298,1,0,2:2:-1:50:
448,192,144298,1,0,2:2:-1:50:
64,192,144477,1,0,2:2:-1:50:
448,192,144566,1,0,2:2:-1:50:
320,192,143941,128,0,144656:2:2:-1:50:
64,192,144656,1,2,2:2:-1:50:
448,192,144834,1,2,2:2:-1:50:
64,192,145013,1,8,2:2:-1:50:
320,192,145013,1,0,2:2:-1:50:
448,192,145013,1,0,2:2:-1:50:
320,192,145191,1,0,2:2:-1:50:
64,192,145281,1,0,2:2:-1:50:
192,192,144656,128,0,145370:2:2:-1:50:
320,192,145370,1,2,2:2:-1:50:
192,192,145548,1,2,2:2:-1:50:
64,192,145727,1,8,2:2:-1:50:
192,192,145727,1,0,2:2:-1:50:
320,192,145727,1,0,2:2:-1:50:
320,192,145906,128,0,146084:2:2:-1:50:
64,192,146084,1,2,2:2:-1:50:
192,192,146084,1,0,2:2:-1:50:
320,192,146263,1,2,2:2:-1:50:
448,192,146263,1,0,2:2:-1:50:
64,192,146441,1,8,2:2:-1:50:
192,192,146441,1,0,2:2:-1:50:
448,192,146441,1,0,2:2:-1:50:
64,192,146620,1,2,2:2:-1:50:
320,192,146620,1,0,2:2:-1:50:
192,192,146798,1,2,2:2:-1:50:
320,192,146798,1,4,2:2:-1:50:
448,192,146798,1,0,2:2:-1:50:
64,192,146977,1,0,2:2:-1:50:
320,192,147066,1,0,2:2:-1:50:
64,192,147156,1,8,2:2:-1:50:
192,192,147156,1,0,2:2:-1:50:
448,192,147156,1,0,2:2:-1:50:
320,192,147334,1,0,2:2:-1:50:
192,192,147423,1,0,2:2:-1:50:
64,192,147513,1,2,2:2:-1:50:
448,192,147513,1,0,2:2:-1:50:
320,192,147602,1,0,2:2:-1:50:
64,192,147691,1,2,2:2:-1:50:
192,192,147691,1,0,2:2:-1:50:
192,192,147870,1,8,2:2:-1:50:
320,192,147870,1,0,2:2:-1:50:
448,192,147870,1,0,2:2:-1:50:
64,192,148048,1,0,2:2:-1:50:
448,192,148138,1,0,2:2:-1:50:
192,192,148227,1,2,2:2:-1:50:
320,192,148227,1,0,2:2:-1:50:
448,192,148406,1,0,2:2:-1:50:
64,192,148584,1,8,2:2:-1:50:
320,192,148584,1,0,2:2:-1:50:
448,192,148584,1,0,2:2:-1:50:
192,192,148763,1,0,2:2:-1:50:
320,192,148852,1,0,2:2:-1:50:
64,192,148941,1,2,2:2:-1:50:
448,192,148941,1,0,2:2:-1:50:
192,192,149031,1,0,2:2:-1:50:
320,192,149120,1,2,2:2:-1:50:
448,192,149120,1,0,2:2:-1:50:
64,192,149298,1,8,2:2:-1:50:
192,192,149298,1,0,2:2:-1:50:
320,192,149298,1,0,2:2:-1:50:
448,192,149477,1,0,2:2:-1:50:
192,192,149566,1,0,2:2:-1:50:
64,192,149656,1,2,2:2:-1:50:
320,192,149656,1,0,2:2:-1:50:
192,192,149834,1,0,2:2:-1:50:
320,192,149923,1,0,2:2:-1:50:
64,192,150013,1,8,2:2:-1:50:
192,192,150013,1,0,2:2:-1:50:
448,192,150013,1,0,2:2:-1:50:
320,192,150191,1,0,2:2:-1:50:
192,192,150281,1,0,2:2:-1:50:
64,192,150370,1,2,2:2:-1:50:
448,192,150370,1,0,2:2:-1:50:
320,192,150459,1,0,2:2:-1:50:
64,192,150548,1,2,2:2:-1:50:
192,192,150548,1,0,2:2:-1:50:
192,192,150727,1,8,2:2:-1:50:
320,192,150727,1,0,2:2:-1:50:
448,192,150727,1,0,2:2:-1:50:
64,192,150906,1,0,2:2:-1:50:
448,192,150995,1,0,2:2:-1:50:
192,192,151084,1,2,2:2:-1:50:
320,192,151084,1,0,2:2:-1:50:
448,192,151263,1,0,2:2:-1:50:
192,192,151352,1,0,2:2:-1:50:
64,192,151441,1,8,2:2:-1:50:
320,192,151441,1,0,2:2:-1:50:
448,192,151441,1,0,2:2:-1:50:
320,192,151620,1,0,2:2:-1:50:
192,192,151709,1,0,2:2:-1:50:
64,192,151798,1,2,2:2:-1:50:
448,192,151798,1,0,2:2:-1:50:
320,192,151888,1,0,2:2:-1:50:
64,192,151977,1,2,2:2:-1:50:
192,192,151977,1,0,2:2:-1:50:
192,192,152156,1,8,2:2:-1:50:
320,192,152156,1,0,2:2:-1:50:
448,192,152156,1,0,2:2:-1:50:
64,192,152334,1,2,2:2:-1:50:
448,192,152334,1,0,2:2:-1:50:
192,192,152423,1,0,2:2:-1:50:
64,192,152513,1,2,2:2:-1:50:
320,192,152513,1,4,2:2:-1:50:
448,192,152513,1,0,2:2:-1:50:
320,192,152691,1,0,2:2:-1:50:
192,192,152781,1,0,2:2:-1:50:
64,192,152870,1,8,2:2:-1:50:
320,192,152870,1,0,2:2:-1:50:
448,192,152870,1,0,2:2:-1:50:
192,192,153048,1,0,2:2:-1:50:
320,192,153138,1,0,2:2:-1:50:
64,192,153227,1,2,2:2:-1:50:
448,192,153227,1,0,2:2:-1:50:
192,192,153316,1,0,2:2:-1:50:
320,192,153406,1,2,2:2:-1:50:
448,192,153406,1,0,2:2:-1:50:
64,192,153584,1,8,2:2:-1:50:
192,192,153584,1,0,2:2:-1:50:
320,192,153584,1,0,2:2:-1:50:
448,192,153763,1,0,2:2:-1:50:
192,192,153852,1,0,2:2:-1:50:
64,192,153941,1,2,2:2:-1:50:
320,192,153941,1,0,2:2:-1:50:
192,192,154120,1,0,2:2:-1:50:
64,192,154298,1,8,2:2:-1:50:
192,192,154298,1,0,2:2:-1:50:
448,192,154298,1,0,2:2:-1:50:
320,192,154477,1,0,2:2:-1:50:
192,192,154566,1,0,2:2:-1:50:
64,192,154656,1,2,2:2:-1:50:
448,192,154656,1,0,2:2:-1:50:
320,192,154745,1,0,2:2:-1:50:
64,192,154834,1,2,2:2:-1:50:
192,192,154834,1,0,2:2:-1:50:
192,192,155013,1,8,2:2:-1:50:
320,192,155013,1,0,2:2:-1:50:
448,192,155013,1,0,2:2:-1:50:
64,192,155191,1,2,2:2:-1:50:
448,192,155191,1,0,2:2:-1:50:
320,192,155281,1,0,2:2:-1:50:
64,192,155370,1,8,2:2:-1:50:
448,192,155370,1,0,2:2:-1:50:
192,192,155370,128,4,155727:2:2:-1:50:
320,192,155727,1,2,2:2:-1:50:
448,192,155727,1,0,2:2:-1:50:
64,192,155906,1,8,2:2:-1:50:
192,192,155906,1,4,2:2:-1:50:
448,192,155906,128,0,156263:2:2:-1:50:
192,192,156263,1,2,2:2:-1:50:
320,192,156263,1,0,2:2:-1:50:
320,192,156441,1,4,2:2:-1:50:
448,192,156441,1,0,2:2:-1:50:
64,192,156441,128,8,156798:2:2:-1:50:
192,192,156798,1,2,2:2:-1:50:
448,192,156798,1,0,2:2:-1:50:
64,192,156977,1,8,2:2:-1:50:
320,192,156977,1,4,2:2:-1:50:
448,192,156977,1,0,2:2:-1:50:
64,192,157156,1,8,2:2:-1:50:
192,192,157156,1,4,2:2:-1:50:
320,192,157156,1,0,2:2:-1:50:
192,192,157334,1,2,2:2:-1:50:
448,192,157334,1,0,2:2:-1:50:
320,192,157423,1,0,2:2:-1:50:
64,192,157513,1,8,2:2:-1:50:
192,192,157513,1,4,2:2:-1:50:
448,192,157513,1,0,2:2:-1:50:
64,192,157691,1,8,2:2:-1:50:
320,192,157691,1,0,2:2:-1:50:
448,192,157691,1,0,2:2:-1:50:
64,192,157870,1,8,2:2:-1:50:
320,192,157870,1,0,2:2:-1:50:
448,192,157870,1,0,2:2:-1:50:
64,192,158048,1,8,2:2:-1:50:
320,192,158048,1,0,2:2:-1:50:
448,192,158048,1,0,2:2:-1:50:
64,192,158243,1,2,2:2:-1:50:
192,192,158243,1,4,2:2:-1:50:
320,192,158243,1,0,2:2:-1:50:
448,192,158243,1,0,2:2:-1:50:
64,192,158418,1,2,2:2:-1:50:
192,192,158418,1,0,2:2:-1:50:
64,192,158593,1,8,2:2:-1:50:
320,192,158593,1,0,2:2:-1:50:
448,192,158593,1,0,2:2:-1:50:
192,192,158769,1,0,2:2:-1:50:
320,192,158944,1,2,2:2:-1:50:
448,192,158944,1,0,2:2:-1:50:
192,192,159120,1,2,2:2:-1:50:
448,192,159120,1,0,2:2:-1:50:
64,192,159295,1,8,2:2:-1:50:
192,192,159295,1,0,2:2:-1:50:
320,192,159295,1,0,2:2:-1:50:
64,192,159471,1,0,2:2:-1:50:
320,192,159650,1,2,2:2:-1:50:
448,192,159650,1,0,2:2:-1:50:
192,192,159828,1,2,2:2:-1:50:
448,192,159828,1,0,2:2:-1:50:
64,192,160007,1,8,2:2:-1:50:
192,192,160007,1,0,2:2:-1:50:
320,192,160007,1,0,2:2:-1:50:
448,192,160185,1,0,2:2:-1:50:
64,192,160364,1,2,2:2:-1:50:
192,192,160364,1,0,2:2:-1:50:
64,192,160542,1,2,2:2:-1:50:
320,192,160542,1,0,2:2:-1:50:
192,192,160721,1,8,2:2:-1:50:
320,192,160721,1,0,2:2:-1:50:
448,192,160721,1,0,2:2:-1:50:
448,192,160900,1,0,2:2:-1:50:
64,192,161078,1,2,2:2:-1:50:
192,192,161078,1,0,2:2:-1:50:
64,192,161257,1,2,2:2:-1:50:
448,192,161257,1,0,2:2:-1:50:
192,192,161435,1,8,2:2:-1:50:
320,192,161435,1,0,2:2:-1:50:
448,192,161435,1,0,2:2:-1:50:
64,192,161614,1,0,2:2:-1:50:
320,192,161792,1,2,2:2:-1:50:
448,192,161792,1,0,2:2:-1:50:
192,192,161971,1,2,2:2:-1:50:
320,192,161971,1,0,2:2:-1:50:
64,192,162150,1,8,2:2:-1:50:
192,192,162150,1,0,2:2:-1:50:
448,192,162150,1,0,2:2:-1:50:
448,192,162328,1,0,2:2:-1:50:
64,192,162507,1,2,2:2:-1:50:
192,192,162507,1,0,2:2:-1:50:
192,192,162685,1,2,2:2:-1:50:
320,192,162685,1,0,2:2:-1:50:
64,192,162864,1,8,2:2:-1:50:
320,192,162864,1,0,2:2:-1:50:
448,192,162864,1,0,2:2:-1:50:
192,192,163042,1,0,2:2:-1:50:
320,192,163221,1,2,2:2:-1:50:
448,192,163221,1,0,2:2:-1:50:
64,192,163400,1,2,2:2:-1:50:
448,192,163400,1,0,2:2:-1:50:
64,192,163578,1,8,2:2:-1:50:
192,192,163578,1,0,2:2:-1:50:
320,192,163578,1,0,2:2:-1:50:
192,192,163757,1,2,2:2:-1:50:
448,192,163757,1,0,2:2:-1:50:
64,192,163935,1,2,2:2:-1:50:
192,192,163935,1,4,2:2:-1:50:
320,192,163935,1,0,2:2:-1:50:
448,192,163935,1,0,2:2:-1:50:
64,192,164114,1,2,2:2:-1:50:
320,192,164114,1,0,2:2:-1:50:
192,192,164292,1,8,2:2:-1:50:
320,192,164292,1,0,2:2:-1:50:
448,192,164292,1,0,2:2:-1:50:
448,192,164471,1,0,2:2:-1:50:
64,192,164650,1,2,2:2:-1:50:
192,192,164650,1,0,2:2:-1:50:
64,192,164828,1,2,2:2:-1:50:
320,192,164828,1,0,2:2:-1:50:
192,192,165007,1,8,2:2:-1:50:
320,192,165007,1,0,2:2:-1:50:
448,192,165007,1,0,2:2:-1:50:
192,192,165185,1,0,2:2:-1:50:
320,192,165364,1,2,2:2:-1:50:
448,192,165364,1,0,2:2:-1:50:
64,192,165542,1,2,2:2:-1:50:
448,192,165542,1,0,2:2:-1:50:
64,192,165721,1,8,2:2:-1:50:
192,192,165721,1,0,2:2:-1:50:
320,192,165721,1,0,2:2:-1:50:
192,192,165900,1,0,2:2:-1:50:
320,192,166078,1,2,2:2:-1:50:
448,192,166078,1,0,2:2:-1:50:
64,192,166257,1,2,2:2:-1:50:
448,192,166257,1,0,2:2:-1:50:
64,192,166435,1,8,2:2:-1:50:
192,192,166435,1,0,2:2:-1:50:
320,192,166435,1,0,2:2:-1:50:
192,192,166614,1,2,2:2:-1:50:
448,192,166614,1,0,2:2:-1:50:
64,192,166792,1,8,2:2:-1:50:
192,192,166792,1,4,2:2:-1:50:
320,192,166792,1,0,2:2:-1:50:
448,192,166792,1,0,2:2:-1:50:
320,192,166971,1,2,2:2:-1:50:
448,192,166971,1,0,2:2:-1:50:
64,192,167150,1,2,2:2:-1:50:
192,192,167150,1,0,2:2:-1:50:
64,192,167328,1,8,2:2:-1:50:
320,192,167328,1,0,2:2:-1:50:
448,192,167328,1,0,2:2:-1:50:
192,192,167507,1,0,2:2:-1:50:
320,192,167685,1,2,2:2:-1:50:
448,192,167685,1,0,2:2:-1:50:
64,192,167864,1,8,2:2:-1:50:
192,192,167864,1,4,2:2:-1:50:
448,192,167864,1,0,2:2:-1:50:
64,192,168221,1,2,2:2:-1:50:
192,192,168221,1,0,2:2:-1:50:
64,192,168400,1,8,2:2:-1:50:
320,192,168400,1,0,2:2:-1:50:
448,192,168400,1,0,2:2:-1:50:
192,192,168578,1,8,2:2:-1:50:
320,192,168578,1,0,2:2:-1:50:
448,192,168578,1,0,2:2:-1:50:
64,192,168757,1,2,2:2:-1:50:
192,192,168757,1,0,2:2:-1:50:
64,192,168935,1,8,2:2:-1:50:
320,192,168935,1,0,2:2:-1:50:
448,192,168935,1,0,2:2:-1:50:
64,192,169114,1,8,2:2:-1:50:
320,192,169114,1,0,2:2:-1:50:
448,192,169114,1,0,2:2:-1:50:
64,192,169292,1,8,2:2:-1:50:
192,192,169292,1,0,2:2:-1:50:
320,192,169292,1,0,2:2:-1:50:
64,192,169471,1,8,2:2:-1:50:
192,192,169471,1,0,2:2:-1:50:
320,192,169471,1,0,2:2:-1:50:
64,192,171054,1,2,2:2:-1:50:
448,192,171046,1,0,2:2:-1:50:
64,192,171188,1,2,2:2:-1:50:
448,192,171190,1,0,2:2:-1:50:
